Date                Dataset Epochs          Batchsize       Lay Neu Acti    loss    val_loss
---------------------------------------------------------------------------------------------
Datasetsize and Batchsize comparison:
2025-05-05_20-45-18	10000	[1000, 1000]	[32, 32]	    3	256	relu	0.02256	0.02607
2025-05-05_20-21-28	10000	[1000, 1000]	[64, 64]	    3	256	relu	0.01537	0.01925
2025-05-05_19-58-10	10000	[1000, 1000]	[128, 128]	    3	256	relu	0.01269	0.01954
2025-05-05_19-49-13	10000	[1000, 1000]	[256, 256]	    3	256	relu	0.00545	0.01282
2025-05-05_20-08-53	10000	[1000, 1000]	[512, 512]	    3	256	relu	0.00543	0.02001
2025-05-05_17-58-34	10000	[1000, 1000]	[1024, 1024]	3	256	relu	0.00263	0.00856
2025-05-05_20-55-15	10000	[1000, 1000]	[2048, 2048]	3	256	relu	0.00697	0.01454
2025-05-05_20-59-30	10000	[1000, 1000]	[4096, 4096]	3	256	relu	0.06437	0.07092

2025-05-05_21-42-57	50000	[1000, 1000]	[64, 64]	    [0.01, 0.001]	3	256	relu	0.00624	0.00679
2025-05-05_22-27-25	50000	[1000, 1000]	[128, 128]	    [0.01, 0.001]	3	256	relu	0.00488	0.00542
2025-05-05_22-49-24	50000	[1000, 1000]	[256, 256]	    [0.01, 0.001]	3	256	relu	0.00399	0.00513
2025-05-05_23-41-47	50000	[1000, 1000]	[512, 512]	    [0.01, 0.001]	3	256	relu	0.00307	0.00393
2025-05-06_01-11-03	50000	[1000, 1000]	[1024, 1024]	[0.01, 0.001]	3	256	relu	0.00154	0.00307
2025-05-06_00-36-46	50000	[1000, 1000]	[2048, 2048]	[0.01, 0.001]	3	256	relu	0.00326	0.00391
2025-05-06_00-45-37	50000	[1000, 1000]	[4096, 4096]	[0.01, 0.001]	3	256	relu	0.00466	0.00640
2025-05-06_00-55-28	50000	[1000, 1000]	[8192, 8192]	[0.01, 0.001]	3	256	relu	0.00503	0.00655
---------------------------------------------------------------------------------------------
Learningrate, Layer, Neurons and Activationfunction comparison:
2025-05-06_09-22-34	50000	[1000, 1000]	[1024, 1024]	[0.01, 0.001]	1	256	relu	0.01086	0.01220
2025-05-06_01-11-03	50000	[1000, 1000]	[1024, 1024]	[0.01, 0.001]	3	256	relu	0.00154	0.00307
2025-05-06_09-31-35	50000	[1000, 1000]	[1024, 1024]	[0.01, 0.001]	5	256	relu	1.00000	1.02774

2025-05-06_12-41-00	50000	[1000, 1000]	[1024, 1024]	[0.001, 0.0001]	1	256	relu	0.00472	0.00681
2025-05-06_12-27-41	50000	[1000, 1000]	[1024, 1024]	[0.001, 0.0001]	2	256	relu	0.00350	0.00430
2025-05-06_12-14-28	50000	[1000, 1000]	[1024, 1024]	[0.001, 0.0001]	3	256	relu	0.00223	0.00398
2025-05-06_09-55-42	50000	[1000, 1000]	[1024, 1024]	[0.001, 0.0001]	4	256	relu	0.00060	0.00190
2025-05-06_13-26-18	50000	[1000, 1000]	[1024, 1024]	[0.001, 0.0001]	5	256	relu	0.00044	0.00271
2025-05-06_13-52-19	50000	[1000, 1000]	[1024, 1024]	[0.001, 0.0001]	6	256	relu	0.00071	0.00417

2025-05-06_14-06-54	50000	[1000, 1000]	[1024, 1024]	[0.0001, 1e-05]	1	256	relu	0.02503	0.02881
2025-05-06_14-27-01	50000	[1000, 1000]	[1024, 1024]	[0.0001, 1e-05]	2	256	relu	0.01353	0.01539
2025-05-06_14-49-14	50000	[1000, 1000]	[1024, 1024]	[0.0001, 1e-05]	3	256	relu	0.00617	0.00789
2025-05-06_15-13-38	50000	[1000, 1000]	[1024, 1024]	[0.0001, 1e-05]	4	256	relu	0.00718	0.00869
2025-05-06_15-43-22	50000	[1000, 1000]	[1024, 1024]	[0.0001, 1e-05]	5	256	relu	0.00601	0.00807
2025-05-06_18-59-25	50000	[1000, 1000]	[1024, 1024]	[0.0001, 1e-05]	6	256	relu	0.00642	0.00819
2025-05-06_19-40-33	50000	[1000, 1000]	[1024, 1024]	[0.0001, 1e-05]	7	256	relu	0.01211	0.01442

2025-05-06_20-18-07	50000	[1000, 1000]	[1024, 1024]	[0.01, 0.001]	1	512	relu	0.00575	0.00646
2025-05-06_22-48-23	50000	[1000, 1000]	[1024, 1024]	[0.01, 0.001]	2	512	relu	0.00176	0.00218
2025-05-07_11-22-55	50000	[1000, 1000]	[1024, 1024]	[0.01, 0.001]	3	512	relu	0.01585	0.01669

2025-05-07_11-38-00	50000	[1000, 1000]	[1024, 1024]	[0.001, 0.0001]	1	512	relu	0.00290	0.00384
2025-05-07_11-54-35	50000	[1000, 1000]	[1024, 1024]	[0.001, 0.0001]	3	512	relu	0.00136	0.00325
2025-05-07_12-26-22	50000	[1000, 1000]	[1024, 1024]	[0.001, 0.0001]	4	512	relu	0.00061	0.00464
2025-05-07_13-07-36	50000	[1000, 1000]	[1024, 1024]	[0.001, 0.0001]	6	512	relu	0.00049	0.00488
2025-05-07_14-19-34	50000	[1000, 1000]	[1024, 1024]	[0.001, 0.0001]	7	512	relu	0.00101	0.00497

2025-05-07_15-37-09	50000	[1000, 1000]	[1024, 1024]	[0.0001, 1e-05]	1	512	relu	0.01734	0.01923
2025-05-07_16-00-39	50000	[1000, 1000]	[1024, 1024]	[0.0001, 1e-05]	3	512	relu	0.00508	0.00673
2025-05-07_16-44-36	50000	[1000, 1000]	[1024, 1024]	[0.0001, 1e-05]	5	512	relu	0.00233	0.00391
2025-05-07_17-34-37	50000	[1000, 1000]	[1024, 1024]	[0.0001, 1e-05]	7	512	relu	0.00194	0.00473
2025-05-07_20-22-34	50000	[1000, 1000]	[1024, 1024]	[0.0001, 1e-05]	9	512	relu	0.00196	0.00420
2025-05-07_22-15-55	50000	[1000, 1000]	[1024, 1024]	[0.0001, 1e-05]	11	512	relu	0.00105	0.00470

2025-05-12_18-21-42	50000	[1000, 1000]	[1024, 1024]	[0.0002793576269445611, 2.793576269445611e-05]	3	343	sigmoid	0.03333	0.03306
2025-05-12_19-17-49	50000	[1000, 1000]	[1024, 1024]	[0.0002793576269445611, 2.793576269445611e-05]	3	343	sigmoid	0.01615	0.01738
